4.774034100000000080e+01
1.487649099999999969e+01
8.878025200000000439e+01
1.000008940000000024e+02
1.453452599999999961e+01
1.157441000000000031e+01
5.977354499999999859e+01
3.827054400000000101e+01
1.045093499999999942e+01
6.900590200000000607e+01
1.892168399999999906e+01
9.999910300000000518e+01
7.943291700000000333e+01
5.583462899999999962e+01
9.994753199999999538e+01
2.176815799999999967e+01
8.585690599999999506e+01
5.149711700000000292e+01
1.178833999999999982e+01
2.550300700000000020e+01
5.177879699999999730e+01
2.071938499999999905e+01
6.148072400000000215e+01
3.327680099999999896e+01
5.389442999999999984e+01
5.383321500000000270e+01
4.039924200000000098e+01
3.601628000000000185e+01
1.994232699999999880e+01
1.631127800000000150e+01
1.419820900000000030e+01
6.950668799999999692e+01
1.549826400000000071e+01
2.559296300000000102e+01
4.284101900000000285e+01
1.724579299999999904e+01
3.134711000000000070e+01
9.186160900000000140e+01
8.771356900000000678e+01
6.150652000000000008e+00
7.691536000000000151e+00
1.857435200000000108e+01
4.018970000000000198e+01
3.745663299999999651e+01
3.554542500000000160e+01
4.734774199999999666e+01
1.448465500000000006e+01
9.733290999999999471e+00
7.898666099999999801e+01
2.279764499999999927e+01
2.389883299999999977e+01
2.529812700000000092e+01
3.437613300000000294e+01
8.486991700000000094e+01
3.834758300000000020e+01
1.408332399999999929e+01
6.080147300000000143e+01
9.730866999999999933e+00
7.141391199999999628e+01
8.054917700000000025e+01
2.626450000000000173e+01
9.999984299999999848e+01
3.317584099999999836e+01
5.513860799999999784e+01
1.348724200000000017e+01
9.999927099999999314e+01
1.791773299999999836e+01
3.418965599999999938e+01
1.000006060000000048e+02
1.232863099999999967e+01
1.029677900000000079e+01
7.569280500000000700e+01
5.730855499999999836e+01
3.061336599999999919e+01
1.000004279999999994e+02
6.800980599999999754e+01
4.059166900000000311e+01
4.415678900000000340e+01
4.894228199999999873e+01
4.954804200000000236e+01
2.207926600000000050e+01
8.687137900000000457e+01
1.513529400000000003e+01
5.814674699999999774e+01
1.501133800000000029e+01
6.386439500000000180e+01
5.755802200000000113e+01
7.607170200000000193e+01
4.470367300000000199e+01
1.851661299999999954e+01
1.116438300000000083e+01
9.108586000000000737e+00
3.698822599999999738e+01
6.648826999999999998e+01
3.560793699999999973e+01
9.999990099999999416e+01
5.685168699999999831e+01
3.717614300000000327e+01
3.117325800000000058e+01
5.951503499999999747e+01
