1.471999999999973063e+01
2.863000000000167589e+01
3.363000000000187839e+01
9.229999999999847660e+00
2.929000000000177906e+01
6.201999999999623014e+01
2.085000000000045972e+01
2.257000000000072859e+01
2.772000000000153364e+01
9.999000000001424837e+01
7.006999999999894158e+01
5.910999999999680909e+01
3.391000000000182268e+01
1.199999999999978861e+01
1.534999999999971720e+01
2.374000000000091148e+01
1.430999999999973937e+01
2.556000000000119599e+01
2.517000000000113502e+01
5.620999999999738606e+01
2.243000000000070671e+01
2.396000000000094587e+01
2.490000000000109281e+01
9.999000000001424837e+01
2.502000000000111157e+01
2.772000000000153364e+01
9.999000000001424837e+01
3.830000000000094929e+01
1.073999999999981547e+01
6.667999999999720728e+01
5.609999999999740794e+01
2.336000000000085208e+01
3.107000000000205731e+01
1.381999999999974982e+01
2.343000000000086303e+01
9.999000000001424837e+01
2.623000000000130072e+01
1.412999999999974321e+01
1.596999999999970399e+01
5.946999999999673747e+01
2.871000000000168839e+01
3.133000000000209795e+01
3.632000000000134321e+01
4.034000000000054342e+01
1.763999999999995794e+01
9.142000000000986404e+01
3.995000000000062101e+01
4.806999999999900552e+01
3.161000000000214172e+01
4.355999999999990280e+01
2.715000000000144453e+01
4.519999999999957652e+01
4.915999999999878867e+01
1.669999999999981100e+01
3.769000000000107065e+01
4.976999999999866731e+01
2.989000000000187285e+01
1.122999999999980503e+01
2.305000000000080362e+01
2.875000000000169464e+01
3.892000000000082593e+01
9.132000000000981288e+01
2.985000000000186660e+01
3.533000000000154017e+01
3.626000000000135515e+01
4.558999999999949893e+01
2.404000000000095838e+01
5.227999999999816794e+01
3.865000000000087965e+01
1.241999999999977966e+01
6.941999999999860904e+01
9.279999999999846594e+00
1.967000000000027526e+01
3.992000000000062698e+01
7.432000000000111584e+01
2.605000000000127258e+01
3.612000000000138300e+01
1.826000000000005485e+01
4.190000000000023306e+01
4.674999999999926814e+01
2.438000000000101153e+01
1.128999999999980375e+01
1.730999999999990635e+01
5.831999999999696627e+01
9.999000000001424837e+01
6.617999999999695149e+01
6.439999999999604086e+01
2.234000000000069264e+01
2.455000000000103810e+01
2.954000000000181814e+01
2.214000000000066137e+01
9.999000000001424837e+01
2.992000000000187754e+01
2.398000000000094900e+01
2.930000000000178062e+01
3.094000000000203698e+01
3.305000000000199378e+01
2.464000000000105217e+01
6.298999999999603716e+01
1.887000000000015021e+01
