3.911000000000078813e+01
6.660999999999717147e+01
8.096000000000451280e+01
7.661000000000228738e+01
7.018999999999900297e+01
3.757000000000109452e+01
5.230999999999816197e+01
2.737000000000147892e+01
9.999000000001424837e+01
9.999000000001424837e+01
9.999000000001424837e+01
4.029000000000055337e+01
9.999000000001424837e+01
6.908999999999844022e+01
3.022000000000192443e+01
4.055000000000050164e+01
5.415999999999779391e+01
1.369999999999975238e+01
8.880000000000852367e+01
6.777999999999777003e+01
2.450000000000103029e+01
1.782999999999998764e+01
3.435000000000173515e+01
5.919999999999679119e+01
8.572000000000694797e+01
1.901000000000017209e+01
8.349999999999866418e+00
3.033000000000194163e+01
9.099000000000964405e+01
4.319999999999997442e+01
7.387000000000088562e+01
1.638999999999976254e+01
5.752999999999712344e+01
1.420999999999974150e+01
4.125000000000036238e+01
1.605999999999971095e+01
9.999000000001424837e+01
9.999000000001424837e+01
9.999000000001424837e+01
2.904000000000173998e+01
3.337000000000193012e+01
9.999000000001424837e+01
1.987000000000030653e+01
7.583000000000188834e+01
8.254000000000532111e+01
1.988000000000030809e+01
6.395999999999584418e+01
2.536000000000116472e+01
9.999000000001424837e+01
2.867000000000168214e+01
9.999000000001424837e+01
3.194000000000219330e+01
5.931999999999676731e+01
4.125000000000036238e+01
2.786000000000155552e+01
3.471000000000166352e+01
4.930999999999875882e+01
3.150000000000212452e+01
2.301000000000079737e+01
3.894000000000082196e+01
3.861000000000088761e+01
5.271999999999808040e+01
9.999000000001424837e+01
2.446000000000102403e+01
1.677999999999982350e+01
3.340000000000192415e+01
9.999000000001424837e+01
9.999000000001424837e+01
2.857000000000166651e+01
9.999000000001424837e+01
1.278999999999977177e+01
1.971000000000028152e+01
9.999000000001424837e+01
9.999000000001424837e+01
1.699999999999985789e+01
6.017999999999659622e+01
6.067999999999649674e+01
3.566000000000147452e+01
7.192999999999989313e+01
1.455999999999973404e+01
1.881000000000014083e+01
3.863000000000088363e+01
2.206000000000064887e+01
2.397000000000094744e+01
9.999000000001424837e+01
9.999000000001424837e+01
6.005999999999662009e+01
1.487999999999972722e+01
9.999000000001424837e+01
9.999000000001424837e+01
8.565000000000691216e+01
1.531999999999971784e+01
1.335999999999975962e+01
4.501999999999961233e+01
9.999000000001424837e+01
1.201999999999978819e+01
2.150000000000056133e+01
7.334000000000061448e+01
1.903000000000017522e+01
6.334999999999596554e+01
